# -rnn  rnc    he4              c18         a=72         a=8         a=6             c18(nn-phys)    he4(nn-phys)     a=8(nn-phys)
-1.65  1.65  0.284288E+01      2.72540     2.71099    2.75923     2.78432          0.211801E+01    0.221385E+01  0.214439E+01
-1.65  1.80  0.250599E+01      2.39291     2.37789    2.42638     2.45054          0.183815E+01
-1.65  2.10  0.197518E+01      1.87331     1.85845    1.90447     1.92626          0.140487E+01
-1.65  2.40  0.158486E+01      1.49496     1.48119    1.52295     1.54219          0.109361E+01
-1.65  2.70  0.129250E+01      1.21390     1.20152    1.23863     1.25545          0.865656
-1.65  3.00  0.106959E+01      1.00108     0.990100  1.02277     1.03743           0.695568
-1.65  3.30  0.896784E+00      0.837032   0.827361  0.856025   0.868810            0.566436         0.611026      0.580132
-1.65  3.60  0.760747E+00      0.708507   0.699997  0.725151   0.736327            0.466821
-1.65  3.90  0.652142E+00      0.606303   0.598806  0.620926   0.630732            0.388851
-1.65  4.95  0.407141E+00      0.377117   0.372191  0.386704   0.393125            0.219774         0.240032      0.225975

#rnc=3.3, u=6.38806671875000
#    B2,         B3,          Vnc,      ab,          a,           ref
4.0 1.65 3.3
0.44361         0.145584E-04  3.715   -7.64375     -5.28065      6.84118
0.44167         0.158582E-03  3.72    -7.66053     -5.29741      6.83456
0.43013         0.152698E-02  3.75    -7.76256     -5.39932      6.79523
0.41135         0.487148E-02  3.8     -7.93779     -5.57434      6.73101
0.34156         0.269459E-01  4.0     -8.71115     -6.34693      6.48977
0.20109         0.126876E+00  4.5    -11.35301     -8.98708      5.97755
0.10276         0.277546E+00  5.0    -15.88175    -13.51452      5.56375   0.837032E-01
0.03991         0.469978E+00  5.5    -25.48430    -23.11625      5.22126   0.237421E+00
0.00725         0.698104E+00  6.0    -59.77256    -57.40424      4.93206   0.433880E+00
#0.49712230E-12  0.896784E+00
0.66129285E-05  0.903170E+00  6.4   1980.00350   1982.37160      4.73056   0.616783E+00
0.10573376E+00  0.188823E+01  8.0     15.65672     18.01196      4.10540   0.152986E+01
0.46316417E+00  0.340386E+01 10.0      7.48066      9.79386      3.56350   0.297655E+01
0.99655518E+00  0.514952E+01 12.0      5.09984      7.34690      3.15637   0.466611E+01
0.16593016E+01  0.706897E+01 14.0      3.95225      6.11067      2.81781   0.653753E+01


4.0 1.65 1.65 # mc rnn rnc
# 1.65, u =25.5522668750000, a-k*=0.7593 (2024)
1.55456         0.123264E-04  15.45    -4.08323     -2.90138      3.3265
1.53679         0.141439E-02  15.5     -4.10677     -2.92490      3.31886
1.46701         0.108816E-01  15.7     -4.20330     -3.02133      3.28872
1.36623         0.320086E-01  16.0     -4.35557     -3.17347      3.24488
1.06231         0.145532E+00  17.0     -4.93947     -3.75691      3.10958
0.80436         0.313464E+00  18.0     -5.67650     -4.49354      2.98878 
0.58844         0.528325E+00  19.0     -6.63676     -5.45345      2.88016
0.41103         0.785402E+00  20.0     -7.94088     -6.75727      2.78187
0.26903         0.108107E+01  21.0     -9.81541     -8.63156      2.69244
0.15964         0.141240E+01  22.0    -12.74214    -11.55811      2.61063 
0.08037         0.177687E+01  23.0    -17.95789    -16.77376      2.53544
0.01318         0.238096E+01  24.5    -44.34826    -43.16411      2.43327
0.00003         0.281923E+01  25.5   -903.41795   -902.23388      2.37124
#0.19592037E-11  0.284288E+01
0.26453377E-04  0.286454E+01  25.6    989.83946    991.02351      2.36528
0.02358         0.352585E+01  27.0     33.15396     34.33753      2.28595
0.20916331E+00  0.509947E+01  30.0     11.13177     12.31251      2.13803
0.86013763E+00  0.812880E+01  35.0      5.48938      6.66064      1.93990
0.18526573E+01  0.115787E+02  40.0      3.74033      4.89692      1.78175
0.31174940E+01  0.153755E+02  45.0      2.88340      4.02066      1.64921
6.28196         0.238078E+02  55.0      2.03123      3.11660      1.42888
12.19252        0.380601E+02  70.0      1.45801      2.43108      1.14572





# rnc=3.3  
#    B2,       B3,          Vnc,      ab,          a,           ref        B3nn
18.0 1.65 3.3
 0.43646       0.104963E-04 2.986   -7.08141     -4.71892    7.09052
 0.43560       0.611038E-04 2.988   -7.08840     -4.72590    7.08706
 0.43474       0.121081E-03 2.99    -7.09540     -4.73289    7.08361
 0.43303       0.258630E-03 2.994   -7.10944     -4.74691    7.07672
 0.43046       0.498652E-03 3.0     -7.13058     -4.76802    7.06642
 0.41780       0.209490E-02 3.03    -7.23787     -4.87516    7.01553
 0.38921       0.760662E-02 3.1     -7.49896     -5.13592    6.90053
 0.35066       0.188068E-01 3.2     -7.90044     -5.53694    6.74476
 0.28118       0.508277E-01 3.4     -8.82261     -6.45823    6.46001
 0.17338       0.142552E+00 3.785  -11.23564     -8.86973    5.99398  0.116651E-03
 0.17218       0.143975E+00 3.79   -11.27453     -8.90860    5.98853  0.783340E-03
 0.16981       0.146843E+00 3.8    -11.35304     -8.98708    5.97766  0.218284E-02
 0.15824       0.161486E+00 3.85   -11.76073     -9.39459    5.92415  0.100759E-01
 0.14716       0.176675E+00 3.9    -12.19552     -9.82921    5.87195  0.191060E-01
 0.09035       0.278593E+00 4.2    -15.56399    -13.19680    5.58361  0.903458E-01
 0.04878       0.397492E+00 4.5    -21.18136    -18.81352    5.33169  0.184440E+00
 0.02078       0.531638E+00 4.8    -32.45293    -30.08471    5.10928  0.297163E+00
 0.00894       0.628821E+00 5.0    -49.48075    -47.11243    4.97475  0.381401E+00
 0.00212       0.731770E+00 5.2   -101.52904    -99.16075    4.84970  0.472251E+00
 0.00050       0.785303E+00 5.3   -210.26933   -207.90111    4.79039  0.520007E+00
0.17469204E-05 0.840156E+00 5.4 3541.21935   3543.58746      4.73306  0.569247E+00  
0.60717532E-03 0.896293E+00 5.5  189.86560    192.23357      4.67761  0.619923E+00
0.22768679E-02 0.953679E+00 5.6   98.04570    100.41350      4.62392  0.671990E+00
0.49781202E-02 0.101228E+01 5.7   66.30726     68.67483      4.57191  0.725405E+00
0.86798314E-02 0.107207E+01 5.8   50.21501     52.58233      4.52148  0.780129E+00
0.13352398E-01 0.113300E+01 5.9   40.48584     42.85286      4.47255  0.836123E+00
0.18967618E-01 0.119507E+01 6.0   33.96781     36.33449      4.42505  0.893351E+00
0.32919676E-01 0.132246E+01 6.2   25.78215     28.14803      4.33403 
0.50335163E-01 0.145403E+01 6.4   20.84825     23.21313      4.24791  0.113396E+01
0.71030604E-01 0.158959E+01 6.6   17.54786     19.91156      4.16622 
0.94837887E-01 0.172895E+01 6.8   15.18373     17.54606      4.08854
0.12160255E+00 0.187195E+01 7.0   13.40604     15.76677      4.01453  0.152681E+01
0.18344571E+00 0.216829E+01 7.4   10.90834     13.26522      3.87624
0.25554577E+00 0.247747E+01 7.8    9.23489     11.58690      3.74916  0.210245E+01
0.33703010E+00 0.279854E+01 8.2    8.03342     10.37944      3.63152
0.42714178E+00 0.313064E+01 8.6    7.12757      9.46633      3.52188  0.272882E+01
0.57706096E+00 0.364785E+01 9.2    6.11998      8.44503      3.36986
0.68601811E+00 0.400440E+01 9.6    5.60505      7.91880      3.27541  0.357235E+01
0.95477128E+00 0.483774E+01 10.5   4.78789      7.01760      3.07856  0.438094E+01
0.14653630E+01 0.631036E+01 12.0   3.86474      6.01252      2.78456  0.581628E+01
0.31153187E+01 0.106315E+02 16.0   2.65058      4.48453      2.07723  0.100546E+02



#    B2,         B3,             Vnc,      ab,          a,           ref      B3nn
# for B3nn: b, ab, a, r =     -0.10226    -20.13757    -18.95343      2.51625, V0=37.23
18.0 1.65 1.65
1.56283          0.306175E-04   12.385    -3.74229     -2.56078     3.45328
1.56083          0.133586E-03   12.39     -3.74468     -2.56317     3.45227
1.51729          0.416750E-02   12.5      -3.79803     -2.61645     3.43034
1.32942          0.401585E-01   13.0      -4.05752     -2.87566     3.33519
1.00017          0.169305E+00   14.0      -4.67794     -3.49554     3.16473
0.83552          0.272945E+0    14.58     -5.11817     -3.93547     3.07624  0.146754E-02
0.72750          0.359802E+00   15.0      -5.48500     -4.30210     3.01627  0.530435E-01
0.50566          0.603273E+00   16.0      -6.57904     -5.39573     2.88564  0.231247E+00
0.32966          0.894136E+00   17.0      -8.14815     -6.96449     2.76965  0.468722E+00
0.19514          0.122805E+01   18.0     -10.59069     -9.40678     2.66584  0.756028E+00
0.09828          0.160142E+01   19.0     -14.92330    -13.73921     2.57227  0.108748E+01
0.03576          0.201120E+01   20.0     -24.74047    -23.55631     2.48737  0.145887E+01
#0.14773049E-10   0.272540E+01  21.577...
0.90392299E-07   0.272660E+01  21.58  15698.20249  15699.38492      2.36794  0.211913E+01
0.14782728E+00   0.452449E+01  25.00     12.16799     13.34924      2.15601  0.381419E+01
0.80218788E+00   0.765787E+01  30.00      5.22344      6.39339      1.92169  0.682401E+01
0.18520924E+01   0.112684E+02  35.00      3.43766      4.58913      1.74121  0.103316E+02
0.32064541E+01   0.152619E+02  40.00      2.61265      3.73920      1.59271  0.142366E+02
0.48043233E+01   0.195724E+02  45.00      2.13441      3.22990      1.46370  0.184694E+02
0.66025522E+01   0.241511E+02  50.00      1.82069      2.87891      1.34636  0.229788E+02
0.10680940E+02   0.339738E+02  60.00      1.43149      2.39495      1.12637  0.326818E+02


# rnc=4.95  B3u=0.377116E+00  at V = 2.39749664492153
18.0 1.65 4.95
0.19507         0.220955E-04 1.325  -10.59237     -7.05106     10.63977
0.19292         0.201099E-03 1.33   -10.65132     -7.10993     10.61066
0.16442         0.603512E-02 1.4    -11.53772     -7.99514     10.22452
0.12871         0.212130E-01 1.5    -13.04048     -9.49628      9.73391
0.07294         0.699119E-01 1.7    -17.32305    -13.77600      8.92069
0.03497         0.138661E+00 1.9    -25.01885    -21.46961      8.27195
0.02170         0.179462E+00 2.0    -31.75618    -28.20615      7.99368
0.00508         0.272322E+00 2.2    -65.63130    -62.08035      7.50811
0.70583561E-06  0.378521E+00 2.4   5570.63693   5574.18779      7.09721
0.39371760E-01  0.762342E+00 3.0     23.57768     27.10994      6.16036
0.23342501E+00  0.156280E+01 4.0      9.68321     13.12415      5.12874
0.53380691E+00  0.250329E+01 5.0      6.40326      9.69038      4.39212 
0.13343494E+01  0.466006E+01 7.0       4.05003      6.83939      3.18252
0.28381010E+01  0.832947E+01 10.0     2.77702      4.06212      1.19756



#unitary l. 0.827361E+00 u=5.18143189409722   
#    B2,       B3,          Vnc,      ab,          a,           ref
72.0 1.65 3.3

0.42708        0.996217E-03  2.85     -7.01604     -4.65360      7.12350
0.40566        0.426881E-02  2.9      -7.19889     -4.83620      7.03391
0.36499         0.141570E-01  3.0     -7.58937     -5.22619      6.86350
0.20093         0.111288E+00  3.5    -10.22870     -7.86331      6.15389
0.09246         0.270341E+00  4.0    -15.07854    -12.71144      5.61579
0.00192         0.727962E+00  5.0   -104.50594   -102.13765      4.84639
0.19715243E-04  0.837783E+00  5.2   1032.70274   1035.07084      4.72536
0.03523         0.132703E+01  6.0     24.42987     26.79240      4.31352
0.15848853E+00  0.203358E+01  7.0     11.51725     13.86207      3.91375
0.35071557E+00  0.282550E+01  8.0      7.74229     10.05917      3.59527
0.89023404E+00  0.460799E+01 10.0      4.85954      7.09357      3.09719
